50.0046968460083,0.0498000008519739,0
49.2286026477814,0.153000000864267,0
47.9479014873505,0.350199989043176,0
46.5701997280121,0.584999984130263,0
45.1453983783722,0.839999970048666,0
43.7008023262024,1.10700000077486,0
42.2380983829498,1.38180004432797,0
40.7685995101929,1.65860000997782,0
39.3043994903564,1.93269997835159,0
37.8462016582489,2.20209993422031,0
36.3909006118774,2.46619991958141,0
34.9373996257782,2.72439997643232,0
33.4867000579834,2.97570005059242,0
32.0384979248047,3.21950018405914,0
30.5912971496582,3.45529988408089,0
29.143500328064,3.68329994380474,0
27.6937007904053,3.9037000387907,0
26.240199804306,4.1168000549078,0
24.7828006744385,4.32350002229214,0
23.3219981193542,4.52409982681274,0
21.8589007854462,4.71890009939671,0
20.3948020935059,4.90770004689693,0
18.9302027225494,5.09079992771149,0
17.4646019935608,5.26809990406036,0
15.998101234436,5.43950013816357,0
14.5305991172791,5.60539998114109,0
13.0623996257782,5.76560012996197,0
11.5936994552612,5.92000000178814,0
10.1247012615204,6.06870017945766,0
8.65600109100342,6.21140003204346,0
7.18759894371033,6.34799972176552,0
5.71960210800171,6.47820010781288,0
4.25209999084473,6.60189986228943,0
2.78499722480774,6.71890005469322,0
1.31809711456299,6.8290002644062,0
-0.148400664329529,6.93209990859032,0
-1.61480009555817,7.02790021896362,0
-3.08069884777069,7.11629986763,0
-4.54590022563934,7.19709992408752,0
-6.00999891757965,7.27000012993813,0
-7.47259855270386,7.33459964394569,0
-8.93360078334808,7.39049986004829,0
-10.3926986455917,7.43739977478981,0
-11.8506014347076,7.47490003705025,0
-13.3071005344391,7.50269964337349,0
-14.7621005773544,7.5203001499176,0
-16.2151992321014,7.52760022878647,0
-17.6656991243362,7.52409994602203,0
-19.1130995750427,7.50909969210625,0
-20.5574005842209,7.48210027813911,0
-21.9983994960785,7.4424996972084,0
-23.4355002641678,7.38980025053024,0
-24.8683005571365,7.3233000934124,0
-26.2955993413925,7.24230036139488,0
-27.716700732708,7.14590027928352,0
-29.1310995817184,7.03319981694222,0
-30.5381998419762,6.90310001373291,0
-31.9364994764328,6.75460025668144,0
-33.3243995904922,6.5869003534317,0
-34.6994996070862,6.39830008149147,0
-36.0593006014824,6.18770010769367,0
-37.4013006687164,5.95329999923706,0
-38.7213997542858,5.69330006837845,0
-40.0146000087261,5.40629997849464,0
-41.2754997611046,5.09029999375343,0
-42.4984000623226,4.74370010197163,0
-43.6728000640869,4.36579994857311,0
-44.7813998907804,3.95959988236427,0
-45.804699882865,3.5301998257637,0
-46.7264000326395,3.08570004999638,0
-47.5127000361681,2.64829993247986,0
-48.1402000412345,2.24639996886253,0
-48.6239000223577,1.88829991966486,0
-48.9969000220299,1.57009996473789,0
-49.2831999901682,1.28800002858043,0
-49.499800009653,1.0406999848783,0
-49.6641000034288,0.824099965393543,0
-49.7880999930203,0.631699990481138,0
-49.8801999958232,0.457100011408329,0
-49.9465000000782,0.29509998857975,0
-49.9880000003031,0.144400005228817,0
-50.0043000000005,0.00499999987368938,0
-49.9939000001177,-0.130600004922599,0
-49.9499999976251,-0.268199993297458,0
-49.866399995517,-0.401399983093143,0
-49.7447999892756,-0.523999985307455,0
-49.5866999961436,-0.639500003308058,0
-49.3869000114501,-0.751399993896484,0
-49.1338999941945,-0.864499993622303,0
-48.8121000118554,-0.986099988222122,0
-48.3944000676274,-1.11659998074174,0
-47.8522999212146,-1.25350002199411,0
-47.1503999084234,-1.39530003070831,0
-46.2407000362873,-1.5374000184238,0
-45.1230000704527,-1.67159996926785,0
-43.868999928236,-1.78449992090464,0
-42.5458997488022,-1.87219996005297,0
-41.1700002849102,-1.9378999248147,0
-39.7577002644539,-1.98519993573427,0
-38.3259996771812,-2.01660003513098,0
-36.8832007050514,-2.0346999168396,0
-35.4304000735283,-2.04150006175041,0
-33.9686006307602,-2.03869994729757,0
-32.4994996190071,-2.0278999581933,0
-31.0253992676735,-2.01019998639822,0
-29.5475006103516,-1.98660008609295,0
-28.0662000179291,-1.95780005306005,0
-26.5817999839783,-1.92460007965565,0
-25.0946000218391,-1.88749991357327,0
-23.6052006483078,-1.84710007160902,0
-22.1141010522842,-1.80399995297194,0
-20.6214010715485,-1.75829995423555,0
-19.1271990537643,-1.71060003340244,0
-17.6315993070602,-1.66110005229712,0
-16.1347985267639,-1.61010008305311,0
-14.6373987197876,-1.55769996345043,0
-13.1395012140274,-1.50420004501939,0
-11.641401052475,-1.44980000331998,0
-10.1431012153625,-1.39429997652769,0
-8.64410102367401,-1.33800003677607,0
-7.14429914951324,-1.28079997375607,0
-5.64369857311249,-1.22320000082254,0
-4.14249897003174,-1.1651000007987,0
-2.64079868793488,-1.10689997673035,0
-1.13900005817413,-1.04830004274845,0
0.362902879714966,-0.989499967545271,0
1.86460018157959,-0.930599961429834,0
3.36629748344421,-0.871799979358912,0
4.86770272254944,-0.812999997287989,0
6.36900067329407,-0.754499994218349,0
7.87019729614258,-0.696199992671609,0
9.37119722366333,-0.638200016692281,0
10.8717978000641,-0.58079999871552,0
12.372100353241,-0.523799983784556,0
13.8715028762817,-0.467499997466803,0
15.370100736618,-0.412000017240644,0
16.8680012226105,-0.357599998824298,0
18.3652997016907,-0.304200011305511,0
19.8617994785309,-0.25220001116395,0
21.3575005531311,-0.201599998399615,0
22.852098941803,-0.152799999341369,0
24.345201253891,-0.106000003870577,0
25.8365988731384,-0.0615999975707382,0
27.3262977600098,-0.0199999994947575,0
28.8145005702972,0.0186999997822568,0
30.3013980388641,0.0538999971468002,0
31.7871987819672,0.0854999991133809,0
33.2723021507263,0.113300001248717,0
34.7561001777649,0.136800005566329,0
36.2371981143951,0.155899999663234,0
37.7147018909454,0.169800000730902,0
39.1876995563507,0.177400000393391,0
40.6567990779877,0.178299995604903,0
42.1230971813202,0.171800004318357,0
43.5874998569489,0.157299998681992,0
45.0443983078003,0.134299998171628,0
46.4792013168335,0.101300003007054,0
47.8819012641907,0.0553000019863248,0
49.2079019546509,-0.0030999999580672,0
49.9952971935272,-0.0498000008519739,0